20151001 	0
20151002 	1
20151003 	2
20151004 	3
20151005 	4
20151006 	5
20151007 	6
20151008 	7
20151009 	8
20151010 	9
20151011 	10
20151012 	11
20151013 	12
20151014 	13
20151015 	14
20151016 	15
20151017 	16
20151018 	17
20151019 	18
20151020 	19
20151021 	20
20151022 	21
20151023 	22
20151024 	23
20151025 	24
20151026 	25
20151027 	26
20151028 	27
20151029 	28
20151030 	29
20151031 	30
20151101 	31
20151102 	32
20151103 	33
20151104 	34
20151105 	35
20151106 	36
20151107 	37
20151108 	38
20151109 	39
20151110 	40
20151111 	41
20151112 	42
20151113 	43
20151114 	44
20151115 	45
20151116 	46
20151117 	47
20151118 	48
20151119 	49
20151120 	50
20151121 	51
20151122 	52
20151123 	53
20151124 	54
20151125 	55
20151126 	56
20151127 	57
20151128 	58
20151129 	59
20151130 	60
20151201 	61
20151202 	62
20151203 	63
20151204 	64
20151205 	65
20151206 	66
20151207 	67
20151208 	68
20151209 	69
20151210 	70
20151211 	71
20151212 	72
20151213 	73
20151214 	74
20151215 	75
20151216 	76
20151217 	77
20151218 	78
20151219 	79
20151220 	80
20151221 	81
20151222 	82
20151223 	83
20151224 	84
20151225 	85
20151226 	86
20151227 	87
20151228 	88
20151229 	89
20151230 	90
20151231 	91
20160101 	92
20160102 	93
20160103 	94
20160104 	95
20160105 	96
20160106 	97
20160107 	98
20160108 	99
20160109 	100
20160110 	101
20160111 	102
20160112 	103
20160113 	104
20160114 	105
20160115 	106
20160116 	107
20160117 	108
20160118 	109
20160119 	110
20160120 	111
20160121 	112
20160122 	113
20160123 	114
20160124 	115
20160125 	116
20160126 	117
20160127 	118
20160128 	119
20160129 	120
20160130 	121
20160131 	122
20160201 	123
20160202 	124
20160203 	125
20160204 	126
20160205 	127
20160206 	128
20160207 	129
20160208 	130
20160209 	131
20160210 	132
20160211 	133
20160212 	134
20160213 	135
20160214 	136
20160215 	137
20160216 	138
20160217 	139
20160218 	140
20160219 	141
20160220 	142
20160221 	143
20160222 	144
20160223 	145
20160224 	146
20160225 	147
20160226 	148
20160227 	149
20160228 	150
20160229 	151
20160301 	152
20160302 	153
20160303 	154
20160304 	155
20160305 	156
20160306 	157
20160307 	158
20160308 	159
20160309 	160
20160310 	161
20160311 	162
20160312 	163
20160313 	164
20160314 	165
20160315 	166
20160316 	167
20160317 	168
20160318 	169
20160319 	170
20160320 	171
20160321 	172
20160322 	173
20160323 	174
20160324 	175
20160325 	176
20160326 	177
20160327 	178
20160328 	179
20160329 	180
20160330 	181
20160331 	182
20160401 	183
20160402 	184
20160403 	185
20160404 	186
20160405 	187
20160406 	188
20160407 	189
20160408 	190
20160409 	191
20160410 	192
20160411 	193
20160412 	194
20160413 	195
20160414 	196
20160415 	197
20160416 	198
20160417 	199
20160418 	200
20160419 	201
20160420 	202
20160421 	203
20160422 	204
20160423 	205
20160424 	206
20160425 	207
20160426 	208
20160427 	209
20160428 	210
20160429 	211
20160430 	212
20160501 	213
20160502 	214
20160503 	215
20160504 	216
20160505 	217
20160506 	218
20160507 	219
20160508 	220
20160509 	221
20160510 	222
20160511 	223
20160512 	224
20160513 	225
20160514 	226
20160515 	227
20160516 	228
20160517 	229
20160518 	230
20160519 	231
20160520 	232
20160521 	233
20160522 	234
20160523 	235
20160524 	236
20160525 	237
20160526 	238
20160527 	239
20160528 	240
20160529 	241
20160530 	242
20160531 	243
20160601 	244
20160602 	245
20160603 	246
20160604 	247
20160605 	248
20160606 	249
20160607 	250
20160608 	251
20160609 	252
20160610 	253
20160611 	254
20160612 	255
20160613 	256
20160614 	257
20160615 	258
20160616 	259
20160617 	260
20160618 	261
20160619 	262
20160620 	263
20160621 	264
20160622 	265
20160623 	266
20160624 	267
20160625 	268
20160626 	269
20160627 	270
20160628 	271
20160629 	272
20160630 	273
20160701 	274
20160702 	275
20160703 	276
20160704 	277
20160705 	278
20160706 	279
20160707 	280
20160708 	281
20160709 	282
20160710 	283
20160711 	284
20160712 	285
20160713 	286
20160714 	287
20160715 	288
20160716 	289
20160717 	290
20160718 	291
20160719 	292
20160720 	293
20160721 	294
20160722 	295
20160723 	296
20160724 	297
20160725 	298
20160726 	299
20160727 	300
20160728 	301
20160729 	302
20160730 	303
20160731 	304
20160801 	305
20160802 	306
20160803 	307
20160804 	308
20160805 	309
20160806 	310
20160807 	311
20160808 	312
20160809 	313
20160810 	314
20160811 	315
20160812 	316
20160813 	317
20160814 	318
20160815 	319
20160816 	320
20160817 	321
20160818 	322
20160819 	323
20160820 	324
20160821 	325
20160822 	326
20160823 	327
20160824 	328
20160825 	329
20160826 	330
20160827 	331
20160828 	332
20160829 	333
20160830 	334
20160831 	335
20160901 	336
20160902 	337
20160903 	338
20160904 	339
20160905 	340
20160906 	341
20160907 	342
20160908 	343
20160909 	344
20160910 	345
20160911 	346
20160912 	347
20160913 	348
20160914 	349
20160915 	350
20160916 	351
20160917 	352
20160918 	353
20160919 	354
20160920 	355
20160921 	356
20160922 	357
20160923 	358
20160924 	359
20160925 	360
20160926 	361
20160927 	362
20160928 	363
20160929 	364
20160930 	365
20161001 	366
20161002 	367
20161003 	368
20161004 	369
20161005 	370
20161006 	371
20161007 	372
20161008 	373
20161009 	374
20161010 	375
20161011 	376
20161012 	377
20161013 	378
20161014 	379
20161015 	380
20161016 	381
20161017 	382
20161018 	383
20161019 	384
20161020 	385
20161021 	386
20161022 	387
20161023 	388
20161024 	389
20161025 	390
20161026 	391
20161027 	392
20161028 	393
20161029 	394
20161030 	395
20161031 	396
20161101 	397
20161102 	398
20161103 	399
20161104 	400
20161105 	401
20161106 	402
20161107 	403
20161108 	404
20161109 	405
20161110 	406
20161111 	407
20161112 	408
20161113 	409
20161114 	410
20161115 	411
20161116 	412
20161117 	413
20161118 	414
20161119 	415
20161120 	416
20161121 	417
20161122 	418
20161123 	419
20161124 	420
20161125 	421
20161126 	422
20161127 	423
20161128 	424
20161129 	425
20161130 	426
20161201 	427
20161202 	428
20161203 	429
20161204 	430
20161205 	431
20161206 	432
20161207 	433
20161208 	434
20161209 	435
20161210 	436
20161211 	437
20161212 	438
20161213 	439
20161214 	440
20161215 	441
20161216 	442
20161217 	443
20161218 	444
20161219 	445
20161220 	446
20161221 	447
20161222 	448
20161223 	449
20161224 	450
20161225 	451
20161226 	452
20161227 	453
20161228 	454
20161229 	455
20161230 	456
20161231 	457
20170101 	458
20170102 	459
20170103 	460
20170104 	461
20170105 	462
20170106 	463
20170107 	464
20170108 	465
20170109 	466
20170110 	467
20170111 	468
20170112 	469
20170113 	470
20170114 	471
20170115 	472
20170116 	473
20170117 	474
20170118 	475
20170119 	476
20170120 	477
20170121 	478
20170122 	479
20170123 	480
20170124 	481
20170125 	482
20170126 	483
20170127 	484
20170128 	485
20170129 	486
20170130 	487
20170131 	488
20170201 	489
20170202 	490
20170203 	491
20170204 	492
20170205 	493
20170206 	494
20170207 	495
20170208 	496
20170209 	497
20170210 	498
20170211 	499
20170212 	500
20170213 	501
20170214 	502
20170215 	503
20170216 	504
20170217 	505
20170218 	506
20170219 	507
20170220 	508
20170221 	509
20170222 	510
20170223 	511
20170224 	512
20170225 	513
20170226 	514
20170227 	515
20170228 	516
20170301 	517
